0 0.316375 0.448437 0.037125 0.080469
0 0.276250 0.449707 0.028750 0.082227
0 0.731875 0.433496 0.082812 0.088867
0 0.458594 0.476729 0.035125 0.178574
0 0.484352 0.474053 0.033672 0.160879
0 0.430242 0.474453 0.032516 0.152422
0 0.541805 0.479658 0.058578 0.258535
0 0.571102 0.481836 0.053734 0.226367
0 0.033703 0.450703 0.063531 0.087734
0 0.608961 0.449609 0.069484 0.112891
0 0.120789 0.433008 0.056078 0.105508
0 0.688438 0.456348 0.128437 0.115039
0 0.362406 0.450752 0.041750 0.073105
